      0.0133169    -0.00788618     0.00760247       0.007364    -0.00781589     -0.0111649
    -0.00788618      0.0132431     -0.0112127    -0.00769918     0.00731981     0.00750773
     0.00760247     -0.0112127      0.0134649     0.00737781    -0.00771093    -0.00813192
       0.007364    -0.00769918     0.00737781      0.0132604      -0.011216    -0.00765493
    -0.00781589     0.00731981    -0.00771093      -0.011216      0.0132964     0.00737715
     -0.0111649     0.00750773    -0.00813192    -0.00765493     0.00737715       0.013312
