     0.00391817   -0.000255814    0.000112465    0.000123081   -0.000296267   -0.000834493
   -0.000255814     0.00392586   -0.000902242   -0.000237598    0.000108508    0.000111119
    0.000112465   -0.000902242     0.00393767     0.00010933   -0.000247209   -0.000254377
    0.000123081   -0.000237598     0.00010933     0.00392277   -0.000855558   -0.000299313
   -0.000296267    0.000108508   -0.000247209   -0.000855558     0.00391432    0.000122515
   -0.000834493    0.000111119   -0.000254377   -0.000299313    0.000122515     0.00390466
